-0.001000 -0.000000 0.000007 0.000001 0.000214 223.900000 251.900000 0.001037 0.000000 0.000000
-0.002000 -0.000000 0.000014 0.000002 0.000428 223.900000 251.900000 0.002074 0.000000 0.000000
-0.003500 -0.000001 0.000025 0.000003 0.000748 223.900000 251.900000 0.003629 0.000000 0.000000
-0.005750 -0.000001 0.000041 0.000006 0.001229 223.900000 251.900000 0.005962 0.000000 0.000000
-0.009125 -0.000002 0.000066 0.000009 0.001950 223.900000 251.900000 0.009462 0.000000 0.000000
-0.014188 -0.000003 0.000102 0.000014 0.003032 223.900000 251.900000 0.014711 0.000000 0.000000
-0.021781 -0.000004 0.000156 0.000022 0.004653 223.900000 251.900000 0.022586 0.000000 0.000000
-0.033172 -0.000006 0.000238 0.000033 0.007085 223.900000 251.900000 0.034398 0.000000 0.000001
-0.050258 -0.000010 0.000360 0.000050 0.010729 223.900000 251.800000 0.052116 0.000000 0.000001
-0.075887 -0.000015 0.000542 0.000075 0.016189 223.900000 251.800000 0.078697 0.000000 0.000003
-0.114300 -0.000022 0.000814 0.000112 0.024366 223.900000 251.800000 0.118600 0.000000 0.000006
-0.172000 -0.000034 0.001219 0.000168 0.036599 223.900000 251.800000 0.178400 0.000000 0.000015
-0.258500 -0.000050 0.001819 0.000252 0.054878 223.900000 251.800000 0.268200 0.000000 0.000033
-0.358500 -0.000070 0.002501 0.000347 0.075907 223.900000 251.800000 0.372000 0.000000 0.000063
-0.458500 -0.000090 0.003171 0.000440 0.096824 223.900000 251.800000 0.475800 0.000000 0.000102
-0.558500 -0.000109 0.003830 0.000533 0.117600 223.900000 251.700000 0.579700 0.000000 0.000151
-0.658500 -0.000129 0.004477 0.000624 0.138300 223.900000 251.700000 0.683600 0.000000 0.000208
-0.758500 -0.000148 0.005114 0.000714 0.158900 223.900000 251.700000 0.787500 0.000000 0.000275
-0.858500 -0.000168 0.005738 0.000803 0.179400 223.900000 251.700000 0.891500 0.000000 0.000351
-0.958500 -0.000187 0.006352 0.000891 0.199800 223.900000 251.600000 0.995500 0.000000 0.000436
-1.058000 -0.000207 0.006955 0.000978 0.220000 223.900000 251.600000 1.100000 0.000000 0.000530
-1.158000 -0.000227 0.007548 0.001063 0.240200 223.900000 251.600000 1.204000 0.000000 0.000632
-1.258000 -0.000246 0.008129 0.001148 0.260200 223.900000 251.600000 1.308000 0.000000 0.000742
-1.358000 -0.000266 0.008700 0.001231 0.280200 223.900000 251.500000 1.412000 0.000000 0.000861
-1.458000 -0.000285 0.009260 0.001314 0.300000 223.900000 251.500000 1.516000 0.000000 0.000988
-1.558000 -0.000305 0.009811 0.001395 0.319800 223.900000 251.500000 1.620000 0.000000 0.001124
-1.658000 -0.000325 0.010351 0.001475 0.339400 223.900000 251.500000 1.725000 0.000000 0.001267
-1.758000 -0.000344 0.010880 0.001555 0.358900 223.900000 251.500000 1.829000 0.000000 0.001419
-1.858000 -0.000364 0.011400 0.001633 0.378400 223.900000 251.400000 1.933000 0.000000 0.001578
-1.958000 -0.000384 0.011910 0.001711 0.397700 223.900000 251.400000 2.038000 0.000000 0.001745
-2.058000 -0.000403 0.012410 0.001788 0.416900 223.900000 251.400000 2.142000 0.000000 0.001920
-2.158000 -0.000423 0.012901 0.001863 0.436100 223.900000 251.400000 2.246000 0.000000 0.002103
-2.258000 -0.000443 0.013382 0.001938 0.455100 223.900000 251.300000 2.351000 0.000000 0.002293
-2.358000 -0.000462 0.013853 0.002013 0.474000 223.900000 251.300000 2.455000 0.000000 0.002491
-2.458000 -0.000482 0.014315 0.002086 0.492900 223.900000 251.300000 2.560000 0.000000 0.002696
-2.558000 -0.000502 0.014768 0.002158 0.511600 223.900000 251.300000 2.665000 0.000000 0.002908
-2.658000 -0.000521 0.015211 0.002230 0.530300 223.900000 251.200000 2.769000 0.000000 0.003127
-2.758000 -0.000541 0.015645 0.002301 0.548800 223.900000 251.200000 2.874000 0.000000 0.003354
-2.858000 -0.000561 0.016070 0.002371 0.567300 223.900000 251.200000 2.978000 0.000000 0.003587
-2.958000 -0.000581 0.016486 0.002441 0.585600 223.900000 251.200000 3.083000 0.000000 0.003828
-3.058000 -0.000600 0.016894 0.002509 0.603900 223.900000 251.100000 3.188000 0.000000 0.004075
-3.158000 -0.000620 0.017292 0.002577 0.622100 223.900000 251.100000 3.293000 0.000000 0.004330
-3.258000 -0.000640 0.017682 0.002645 0.640100 223.900000 251.100000 3.398000 0.000000 0.004591
-3.358000 -0.000660 0.018063 0.002711 0.658100 223.900000 251.100000 3.502000 0.000000 0.004859
-3.458000 -0.000679 0.018436 0.002777 0.676000 223.900000 251.100000 3.607000 0.000000 0.005133
-3.558000 -0.000699 0.018800 0.002843 0.693800 223.900000 251.000000 3.712000 0.000000 0.005414
-3.658000 -0.000719 0.019155 0.002908 0.711500 223.900000 251.000000 3.817000 0.000000 0.005702
-3.758000 -0.000739 0.019502 0.002972 0.729200 223.900000 251.000000 3.922000 0.000000 0.005996
-3.858000 -0.000759 0.019841 0.003035 0.746700 223.900000 251.000000 4.027000 0.000000 0.006296
-3.958000 -0.000778 0.020172 0.003098 0.764100 223.900000 250.900000 4.132000 0.000000 0.006603
-4.058000 -0.000798 0.020494 0.003161 0.781500 223.900000 250.900000 4.237000 0.000000 0.006916
-4.158000 -0.000818 0.020809 0.003223 0.798800 223.900000 250.900000 4.342000 0.000000 0.007235
-4.258000 -0.000838 0.021115 0.003284 0.815900 223.900000 250.900000 4.447000 0.000000 0.007560
-4.358000 -0.000858 0.021413 0.003345 0.833000 223.900000 250.800000 4.553000 0.000000 0.007892
-4.458000 -0.000878 0.021704 0.003406 0.850000 223.900000 250.800000 4.658000 0.000000 0.008229
-4.558000 -0.000898 0.021986 0.003465 0.867000 223.900000 250.800000 4.763000 0.000000 0.008573
-4.658000 -0.000917 0.022261 0.003525 0.883800 223.900000 250.800000 4.868000 0.000000 0.008922
-4.758000 -0.000937 0.022528 0.003584 0.900600 223.900000 250.700000 4.974000 0.000000 0.009278
-4.858000 -0.000957 0.022787 0.003642 0.917200 223.900000 250.700000 5.079000 0.000000 0.009639
-4.958000 -0.000977 0.023039 0.003701 0.933800 223.900000 250.700000 5.184000 0.000000 0.010010
-5.058000 -0.000997 0.023283 0.003758 0.950300 223.900000 250.700000 5.290000 0.000000 0.010380
-5.158000 -0.001017 0.023520 0.003816 0.966700 223.900000 250.600000 5.395000 0.000000 0.010760
-5.258000 -0.001037 0.023749 0.003873 0.983100 223.900000 250.600000 5.501000 0.000000 0.011140
-5.358000 -0.001057 0.023971 0.003929 0.999300 223.900000 250.600000 5.606000 0.000000 0.011530
-5.458000 -0.001077 0.024185 0.003986 1.016000 223.900000 250.500000 5.712000 0.000000 0.011930
-5.558000 -0.001097 0.024392 0.004041 1.032000 223.900000 250.500000 5.817000 0.000000 0.012330
-5.658000 -0.001117 0.024591 0.004097 1.048000 223.900000 250.500000 5.923000 0.000000 0.012740
-5.758000 -0.001136 0.024784 0.004152 1.064000 223.900000 250.500000 6.028000 0.000000 0.013150
-5.858000 -0.001156 0.024969 0.004207 1.079000 223.900000 250.400000 6.134000 0.000000 0.013570
-5.958000 -0.001176 0.025147 0.004262 1.095000 223.900000 250.400000 6.240000 0.000000 0.013990
-6.058000 -0.001196 0.025318 0.004316 1.111000 223.900000 250.400000 6.346000 0.000000 0.014420
-6.158000 -0.001216 0.025481 0.004370 1.127000 223.900000 250.400000 6.451000 0.000000 0.014850
-6.258000 -0.001236 0.025638 0.004424 1.142000 223.900000 250.300000 6.557000 0.000000 0.015290
-6.358000 -0.001256 0.025788 0.004477 1.158000 223.900000 250.300000 6.663000 0.000000 0.015740
-6.458000 -0.001276 0.025930 0.004531 1.173000 223.900000 250.300000 6.769000 0.000000 0.016190
-6.558000 -0.001296 0.026066 0.004584 1.188000 223.900000 250.300000 6.875000 0.000000 0.016640
-6.658000 -0.001316 0.026195 0.004637 1.204000 223.900000 250.200000 6.981000 0.000000 0.017110
-6.758000 -0.001336 0.026317 0.004689 1.219000 223.900000 250.200000 7.086000 0.000000 0.017570
-6.858000 -0.001356 0.026432 0.004742 1.234000 223.900000 250.200000 7.192000 0.000000 0.018040
-6.958000 -0.001376 0.026540 0.004794 1.249000 223.900000 250.200000 7.298000 0.000000 0.018520
-7.058000 -0.001396 0.026642 0.004846 1.264000 223.900000 250.100000 7.404000 0.000000 0.019000
-7.158000 -0.001417 0.026737 0.004898 1.279000 223.900000 250.100000 7.510000 0.000000 0.019490
-7.258000 -0.001437 0.026825 0.004950 1.293000 223.900000 250.100000 7.617000 0.000000 0.019980
-7.358000 -0.001457 0.026906 0.005002 1.308000 223.900000 250.100000 7.723000 0.000000 0.020480
-7.458000 -0.001477 0.026981 0.005053 1.323000 223.900000 250.000000 7.829000 0.000000 0.020980
-7.558000 -0.001497 0.027049 0.005105 1.337000 223.900000 250.000000 7.935000 0.000000 0.021490
-7.658000 -0.001517 0.027110 0.005156 1.352000 223.900000 250.000000 8.041000 0.000000 0.022000
-7.758000 -0.001537 0.027165 0.005208 1.366000 223.900000 249.900000 8.147000 0.000000 0.022520
-7.858000 -0.001557 0.027213 0.005259 1.381000 223.900000 249.900000 8.254000 0.000000 0.023040
-7.958000 -0.001577 0.027255 0.005310 1.395000 223.900000 249.900000 8.360000 0.000000 0.023570
-8.058000 -0.001597 0.027290 0.005361 1.409000 223.900000 249.900000 8.466000 0.000000 0.024110
-8.158000 -0.001617 0.027319 0.005412 1.424000 223.900000 249.800000 8.573000 0.000000 0.024650
-8.258000 -0.001638 0.027341 0.005463 1.438000 223.900000 249.800000 8.679000 0.000000 0.025190
-8.358000 -0.001658 0.027357 0.005514 1.452000 223.900000 249.800000 8.785000 0.000000 0.025740
-8.458000 -0.001678 0.027366 0.005565 1.466000 223.900000 249.800000 8.892000 0.000000 0.026290
-8.558000 -0.001698 0.027369 0.005616 1.480000 223.900000 249.700000 8.998000 0.000000 0.026850
-8.658000 -0.001718 0.027365 0.005667 1.494000 223.900000 249.700000 9.105000 0.000000 0.027410
-8.758000 -0.001738 0.027355 0.005718 1.507000 223.900000 249.700000 9.211000 0.000000 0.027980
-8.858000 -0.001758 0.027339 0.005769 1.521000 223.900000 249.600000 9.318000 0.000000 0.028560
-8.958000 -0.001779 0.027316 0.005820 1.535000 223.900000 249.600000 9.425000 0.000000 0.029140
-9.058000 -0.001799 0.027287 0.005871 1.548000 223.900000 249.600000 9.531000 0.000000 0.029720
-9.158000 -0.001819 0.027252 0.005922 1.562000 223.900000 249.600000 9.638000 0.000000 0.030310
-9.258000 -0.001839 0.027210 0.005973 1.575000 223.900000 249.500000 9.744000 0.000000 0.030910
-9.358000 -0.001859 0.027162 0.006025 1.589000 223.900000 249.500000 9.851000 0.000000 0.031510
-9.458000 -0.001880 0.027108 0.006076 1.602000 223.900000 249.500000 9.958000 0.000000 0.032110
-9.558000 -0.001900 0.027047 0.006128 1.615000 223.900000 249.400000 10.060000 0.000000 0.032720
-9.658000 -0.001920 0.026980 0.006179 1.629000 223.900000 249.400000 10.170000 0.000000 0.033340
-9.758000 -0.001940 0.026907 0.006231 1.642000 223.900000 249.400000 10.280000 0.000000 0.033960
-9.858000 -0.001960 0.026828 0.006282 1.655000 223.900000 249.400000 10.390000 0.000000 0.034580
-9.958000 -0.001981 0.026742 0.006334 1.668000 223.900000 249.300000 10.490000 0.000000 0.035210
-10.000000 -0.001989 0.026705 0.006356 1.673000 223.900000 249.300000 10.540000 0.000000 0.035480
